01005e71d8350027 1 0 0
e3bf788108004500 0 0 0
0038000100004011 0 0 0
687cc2008e92e971 0 0 0
d833c3e452090024 0 0 0
6e2d53455353494f 0 0 0
4e2d494400000000 0 0 0
0000000100010006 0 0 0
5354494d454f5459 0 0 0
5950000000000000 0 1 2
01005e71d8350027 1 0 0
e3bf788108004500 0 0 0
00b3000100004011 0 0 0
6801c2008e92e971 0 0 0
d833c3e45209009f 0 0 0
e58153455353494f 0 0 0
4e2d494400000000 0 0 0
0000000200010081 0 0 0
5254494d45000117 0 0 0
7000000000000000 0 0 0
0000000000000000 0 0 0
0000000000000000 0 0 0
0000000000000000 0 0 0
0000000000000000 0 0 0
0000000000000000 0 0 0
0000000000000000 0 0 0
0000000000000000 0 0 0
0000000000000000 0 0 0
0000000000000000 0 0 0
0000000000000000 0 0 0
0000000000000000 0 0 0
0000000000000000 0 0 0
0000000117700000 0 0 0
0000000000000000 0 0 0
0054595950000000 0 1 4
01005e71d8350027 1 0 0
e3bf788108004500 0 0 0
00b3000100004011 0 0 0
6801c2008e92e971 0 0 0
d833c3e45209009f 0 0 0
771253455353494f 0 0 0
4e2d494400000000 0 0 0
0000000300010081 0 0 0
5254494d45000121 0 0 0
d400000000000000 0 0 0
0000000000000000 0 0 0
0000000000000000 0 0 0
0000000000000000 0 0 0
0000000000000000 0 0 0
0000000000000000 0 0 0
0000000000000000 0 0 0
0000000000000000 0 0 0
0000000000000000 0 0 0
0000000000000000 0 0 0
0000000000000000 0 0 0
0000000000000000 0 0 0
0000000000000000 0 0 0
0000000121d40000 0 0 0
0000000000000000 0 0 0
0054595950000000 0 1 4
01005e71d8350027 1 0 0
e3bf788108004500 0 0 0
004b000100004011 0 0 0
6869c2008e92e971 0 0 0
d833c3e452090037 0 0 0
d0da53455353494f 0 0 0
4e2d494400000000 0 0 0
0000000400010019 0 0 0
4c54494d45000117 0 0 0
7000000000000000 0 0 0
0a0000000a00004e 0 0 0
1f54595950000000 0 1 5
01005e71d8350027 1 0 0
e3bf788108004500 0 0 0
004b000100004011 0 0 0
6869c2008e92e971 0 0 0
d833c3e452090037 0 0 0
801653455353494f 0 0 0
4e2d494400000000 0 0 0
0000000500010019 0 0 0
4c54494d45000117 0 0 0
7000000000000000 0 0 0
1400004e200000c3 0 0 0
4f54595950000000 0 1 5
01005e71d8350027 1 0 0
e3bf788108004500 0 0 0
004b000100004011 0 0 0
6869c2008e92e971 0 0 0
d833c3e452090037 0 0 0
ee9253455353494f 0 0 0
4e2d494400000000 0 0 0
0000000600010019 0 0 0
4c54494d45000117 0 0 0
7000000000000000 0 0 0
320000c3500003d0 0 0 0
8f54595950000000 0 1 5
01005e71d8350027 1 0 0
e3bf788108004500 0 0 0
004b000100004011 0 0 0
6869c2008e92e971 0 0 0
d833c3e452090037 0 0 0
724f53455353494f 0 0 0
4e2d494400000000 0 0 0
0000000700010019 0 0 0
4c54494d45000117 0 0 0
7000000000000000 0 0 0
640003d0903b9ac9 0 0 0
ff54595950000000 0 1 5
01005e71d8350027 1 0 0
e3bf788108004500 0 0 0
004b000100004011 0 0 0
6869c2008e92e971 0 0 0
d833c3e452090037 0 0 0
6ccc53455353494f 0 0 0
4e2d494400000000 0 0 0
0000000800010019 0 0 0
4c54494d45000121 0 0 0
d400000000000000 0 0 0
0a0000000a00004e 0 0 0
1f54595950000000 0 1 5
01005e71d8350027 1 0 0
e3bf788108004500 0 0 0
004b000100004011 0 0 0
6869c2008e92e971 0 0 0
d833c3e452090037 0 0 0
1c0853455353494f 0 0 0
4e2d494400000000 0 0 0
0000000900010019 0 0 0
4c54494d45000121 0 0 0
d400000000000000 0 0 0
1400004e200000c3 0 0 0
4f54595950000000 0 1 5
01005e71d8350027 1 0 0
e3bf788108004500 0 0 0
004b000100004011 0 0 0
6869c2008e92e971 0 0 0
d833c3e452090037 0 0 0
8a8453455353494f 0 0 0
4e2d494400000000 0 0 0
0000000a00010019 0 0 0
4c54494d45000121 0 0 0
d400000000000000 0 0 0
320000c3500003d0 0 0 0
8f54595950000000 0 1 5
01005e71d8350027 1 0 0
e3bf788108004500 0 0 0
004b000100004011 0 0 0
6869c2008e92e971 0 0 0
d833c3e452090037 0 0 0
0e4153455353494f 0 0 0
4e2d494400000000 0 0 0
0000000b00010019 0 0 0
4c54494d45000121 0 0 0
d400000000000000 0 0 0
640003d0903b9ac9 0 0 0
ff54595950000000 0 1 5
01005e71d8350027 1 0 0
e3bf788108004500 0 0 0
004f000100004011 0 0 0
6865c2008e92e971 0 0 0
d833c3e45209003b 0 0 0
626753455353494f 0 0 0
4e2d494400000000 0 0 0
0000000c0001001d 0 0 0
4f54494d45000117 0 0 0
70505f535552454b 0 0 0
4c495f49534c454d 0 0 0
2020202020545959 0 0 0
5000000000000000 0 1 1
01005e71d8350027 1 0 0
e3bf788108004500 0 0 0
004f000100004011 0 0 0
6865c2008e92e971 0 0 0
d833c3e45209003b 0 0 0
fe5b53455353494f 0 0 0
4e2d494400000000 0 0 0
0000000d0001001d 0 0 0
4f54494d45000121 0 0 0
d4505f535552454b 0 0 0
4c495f49534c454d 0 0 0
2020202020545959 0 0 0
5000000000000000 0 1 1
01005e71d8350027 1 0 0
e3bf788108004500 0 0 0
0057000100004011 0 0 0
685dc2008e92e971 0 0 0
d833c3e452090043 0 0 0
806753455353494f 0 0 0
4e2d494400000000 0 0 0
0000000e00010025 0 0 0
4154494d456aa90e 0 0 0
4100696d7e000117 0 0 0
70534f504f530000 0 0 0
0000000000640000 0 0 0
52084f414c545959 0 0 0
5000000000000000 0 1 1
01005e71d8350027 1 0 0
e3bf788108004500 0 0 0
004f000100004011 0 0 0
6865c2008e92e971 0 0 0
d833c3e45209003b 0 0 0
94b753455353494f 0 0 0
4e2d494400000000 0 0 0
0000000f0001001d 0 0 0
4f54494d45000117 0 0 0
70505f4d41524a5f 0 0 0
594159494e202020 0 0 0
2020202020545959 0 0 0
5000000000000000 0 1 1
01005e71d8350027 1 0 0
e3bf788108004500 0 0 0
0057000100004011 0 0 0
685dc2008e92e971 0 0 0
d833c3e452090043 0 0 0
1ae653455353494f 0 0 0
4e2d494400000000 0 0 0
0000001000010025 0 0 0
4154494d456aa90e 0 0 0
410069d827000121 0 0 0
d4534f504f530000 0 0 0
0000000000640000 0 0 0
526c4f414c545959 0 0 0
5000000000000000 0 1 1
